1.000000000000000000e+00 0.000000000000000000e+00
9.997313730066658133e-01 1.962669365264277594e-05
9.989243682577003680e-01 7.633350152932589778e-05
9.975778502138188397e-01 1.667198692131148562e-04
9.956914273856053432e-01 2.872130429705355798e-04
9.932654639432773047e-01 4.340882564827986041e-04
9.903010893139826409e-01 6.034900503688430317e-04
9.868002056618919715e-01 7.914545965984993645e-04
9.827654931581168984e-01 9.939328887928978919e-04
9.782004129605134102e-01 1.206814649409103596e-03
9.731092078376064602e-01 1.425952796064082788e-03
9.674969003860531824e-01 1.647188301912593834e-03
9.613692888070918263e-01 1.866375279182212483e-03
9.547329402241259144e-01 2.079406110791062745e-03
9.475951815407734902e-01 2.282236452516859040e-03
9.399640878561829060e-01 2.470909927509281484e-03
9.318484684719428035e-01 2.641582336074702313e-03
9.232578505423165716e-01 2.790545206622131909e-03
9.142024604365610596e-01 2.914248518422140211e-03
9.046932028985659180e-01 3.009322433346139827e-03
8.947416381047439415e-01 3.072597881952363399e-03
8.843599567358415570e-01 3.101125859061313553e-03
8.735609531919357185e-01 3.092195295199331832e-03
8.623579970921708693e-01 3.043349382835949454e-03
8.507650032116493843e-01 2.952400250031620831e-03
8.387964000171719281e-01 2.817441888776897520e-03
8.264670969711733761e-01 2.636861260736332591e-03
8.137924507791151063e-01 2.409347519122687596e-03
8.007882307597599114e-01 2.133899301800049660e-03
7.874705835201469828e-01 1.809830067256185115e-03
7.738559971177110253e-01 1.436771461572515984e-03
7.599612648909052082e-01 1.014674720769771256e-03
7.458034491369328611e-01 5.438101287244323035e-04
7.313998448108738337e-01 2.476456605242913751e-05
7.167679434146934092e-01 -5.415628002102089575e-04
7.019253972374847050e-01 -1.153966622786269797e-03
6.868899840999356243e-01 -1.810943200384727662e-03
6.716795727465946220e-01 -2.510699936844587501e-03
6.563120890191759260e-01 -3.251166335980655835e-03
6.408054829330710467e-01 -4.030006426130807763e-03
6.251776967675631846e-01 -4.844632500956362088e-03
6.094466342681560400e-01 -5.692220056966412929e-03
5.936301310470810666e-01 -6.569723803510829456e-03
5.777459262555817432e-01 -7.473894617610849639e-03
5.618116355891511482e-01 -8.401297313925710358e-03
5.458447256746521425e-01 -9.348329099344750148e-03
5.298624898762877011e-01 -1.031123858207587743e-02
5.138820255458524944e-01 -1.128614520660441850e-02
4.979202127316603166e-01 -1.226905898842864211e-02
4.819936943500988669e-01 -1.325590042595229702e-02
4.661188578139973115e-01 -1.424252047122587413e-02
4.503118181029350242e-01 -1.522472044628061724e-02
4.345884022523381907e-01 -1.619827179748536961e-02
4.189641352307252320e-01 -1.715893558657065679e-02
4.034542271677848402e-01 -1.810248162361245694e-02
3.880735618901188233e-01 -1.902470715424086495e-02
3.728366867164406018e-01 -1.992145502054867498e-02
3.577578034597799772e-01 -2.078863122253381615e-02
3.428507605807796232e-01 -2.162222181432226636e-02
3.281290464334546964e-01 -2.241830907682666393e-02
3.136057835427671359e-01 -2.317308691581231733e-02
2.992937238520340659e-01 -2.388287544151665789e-02
2.852052448774579085e-01 -2.454413469294091169e-02
2.713523467069171025e-01 -2.515347747665924380e-02
2.577466497805264156e-01 -2.570768129642483218e-02
2.443993933913121697e-01 -2.620369935597479175e-02
2.313214348456034686e-01 -2.663867062320450854e-02
2.185232492243593672e-01 -2.700992894929059654e-02
2.060149296885901704e-01 -2.731501124137171790e-02
1.938061882742254383e-01 -2.755166469203840923e-02
1.819063571242093835e-01 -2.771785307313860344e-02
1.703243901081954448e-01 -2.781176210527253057e-02
1.590688647829415492e-01 -2.783180391783704466e-02
1.481479846493356234e-01 -2.777662061759105655e-02
1.375695816648635494e-01 -2.764508698646838541e-02
1.273411189732472637e-01 -2.743631233176668793e-02
1.174696938158950599e-01 -2.714964151391861813e-02
1.079620405926888516e-01 -2.678465517881265315e-02
9.882453404247476536e-02 -2.634116922309680947e-02
9.006319251639111068e-02 -2.581923352209533964e-02
8.168368131984808655e-02 -2.521912995090382428e-02
7.369131610156266776e-02 -2.454136972993359311e-02
6.609106627051904159e-02 -2.378669012666652371e-02
5.888755842407984720e-02 -2.295605054567510447e-02
5.208507977269707240e-02 -2.205062803908404423e-02
4.568758154876221417e-02 -2.107181226961104062e-02
3.969868238909227826e-02 -2.002119995814987882e-02
3.412167168236694692e-02 -1.890058884756127752e-02
2.895951287451042910e-02 -1.771197121393330506e-02
2.421484672655717374e-02 -1.645752695608025326e-02
1.988999452094951034e-02 -1.513961629347901523e-02
1.598696121349099317e-02 -1.376077210220844234e-02
1.250743852933046060e-02 -1.232369191777394311e-02
9.452808002375056792e-03 -1.083122963297530363e-02
6.824143958441124605e-03 -9.286386918221768358e-03
4.622216443242467207e-03 -7.692304390924927480e-03
2.847494097003639389e-03 -6.052252559812382367e-03
1.500146978073449433e-03 -4.369622569215110899e-03
5.800493383987971726e-04 -2.647916767590027722e-03
8.678235412432401834e-05 -8.907391237583134769e-04
2.332396936644433978e-05 9.423205398869952077e-04
4.205754636198395856e-04 2.849437165915176366e-03
1.284016309781720912e-03 4.782806961854515863e-03
2.611809297816313803e-03 6.737908862231028681e-03
4.401778721154104602e-03 8.710160120025949027e-03
6.651413601489783445e-03 1.069492906383130368e-02
9.357870891853076536e-03 1.268754786192164905e-02
1.251797866349203640e-02 1.468332526829527543e-02
1.612823928191073689e-02 1.667755932654569478e-02
2.018483257714689602e-02 1.866555000817650065e-02
2.468361901308975537e-02 2.064261176267644451e-02
2.962014286031298613e-02 2.260408595731941417e-02
3.498963537655355033e-02 2.454535318525262813e-02
4.078701799860239008e-02 2.646184542098057799e-02
4.700690554899493445e-02 2.834905800284736113e-02
5.364360946050975715e-02 3.020256142256549925e-02
6.069114102110340081e-02 3.201801290223454943e-02
6.814321464153247354e-02 3.379116773964360720e-02
7.599325114755456356e-02 3.551789040295592198e-02
8.423438109825279185e-02 3.719416535613494917e-02
9.285944813170508849e-02 3.881610759669125443e-02
1.018610123389272343e-01 4.037997288751265373e-02
1.112313536667506042e-01 4.188216766468205732e-02
1.209624753500753297e-01 4.331925860330341355e-02
1.310461073737500814e-01 4.468798182343161618e-02
1.414737099641947271e-01 4.598525171826059466e-02
1.522364771107919401e-01 4.720816938674683022e-02
1.633253401170451646e-01 4.835403065285856505e-02
1.747309711815212552e-01 4.942033365362630964e-02
1.864437870086911586e-01 5.040478597815137296e-02
1.984539524499367158e-01 5.130531133969559732e-02
2.107513841752184924e-01 5.212005576294144460e-02
2.233257543762075803e-01 5.284739326847676111e-02
2.361664945020612860e-01 5.348593103653222214e-02
2.492627990294889739e-01 5.403451403198408776e-02
2.626036292693064711e-01 5.449222907264035520e-02
2.761777172123071611e-01 5.485840832285850122e-02
2.899735694180136658e-01 5.513263219460829562e-02
3.039794709506908887e-01 5.531473163819808359e-02
3.181834893679157394e-01 5.540478980503922568e-02
3.325734787680135196e-01 5.540314306504005859e-02
3.471370839037741240e-01 5.531038136150306928e-02
3.618617443710677728e-01 5.512734788676511288e-02
3.767346988822771747e-01 5.485513806227192146e-02
3.917429896358577412e-01 5.449509780733916703e-02
4.068734667948166184e-01 5.404882108151652653e-02
4.221127930884753243e-01 5.351814668627447036e-02
4.374474485535297941e-01 5.290515431266528540e-02
4.528637354321471964e-01 5.221215982270443340e-02
4.683477832466321766e-01 5.144170975347130831e-02
4.838855540720461978e-01 5.059657503437200998e-02
4.994628480300538076e-01 4.967974390963605241e-02
5.150653090292002245e-01 4.869441405996467048e-02
5.306784307787619781e-01 4.764398391931386895e-02
5.462875631052536152e-01 4.653204318509718967e-02
5.618779186025911754e-01 4.536236252264419511e-02
5.774345796487795335e-01 4.413888246756283995e-02
5.929425058237993706e-01 4.286570153273297490e-02
6.083865417650643481e-01 4.154706353002326352e-02
6.237514254983999029e-01 4.018734412046424259e-02
6.390217972839069560e-01 3.879103661055217228e-02
6.541822090172885185e-01 3.736273701658056334e-02
6.692171342282060564e-01 3.590712842341740180e-02
6.841109787179410207e-01 3.442896466894182494e-02
6.988480918790306307e-01 3.293305339043432062e-02
7.134127787395891929e-01 3.142423847454346719e-02
7.277893127746620783e-01 2.990738195803187283e-02
7.419619495261460251e-01 2.838734543229150253e-02
7.559149410715125805e-01 2.686897101059489146e-02
7.696325513797287465e-01 2.535706192317178573e-02
7.830990725903560490e-01 2.385636281142333379e-02
7.962988422487694562e-01 2.237153979886795027e-02
8.092162615267468606e-01 2.090716042268042293e-02
8.218358144532885712e-01 1.946767351589009584e-02
8.341420881754284533e-01 1.805738913635861198e-02
8.461197942629432589e-01 1.668045864449427609e-02
8.577537910642739627e-01 1.534085503718439145e-02
8.690291071135971546e-01 1.404235365055209704e-02
8.799309655808723596e-01 1.278851334877381327e-02
8.904448097478214752e-01 1.158265832022044479e-02
9.005563294832217291e-01 1.042786060551085213e-02
9.102514886806445382e-01 9.326923484584108068e-03
9.195165536109017879e-01 8.282365851494232628e-03
9.283381221300516239e-01 7.296407706212798723e-03
9.367031536719406803e-01 6.370956892181089092e-03
9.445989999420277838e-01 5.507597206596557063e-03
9.520134362167597120e-01 4.707578007355422284e-03
9.589346931401929730e-01 3.971805436134311952e-03
9.653514888970072816e-01 3.300835371209532958e-03
9.712530616287257113e-01 2.694868216243144488e-03
9.766292019479803077e-01 2.153745622375342547e-03
9.814702853942578464e-01 1.676949230547861462e-03
9.857673046638928405e-01 1.263601509057563077e-03
9.895119014373555677e-01 9.124687479411436363e-04
9.926963976182937577e-01 6.219662569853280382e-04
9.953138257915354892e-01 3.901657980371873741e-04
9.973579587015259929e-01 2.148052649724108349e-04
9.988233375486306187e-01 9.330060631551244995e-05
9.997052988985600797e-01 2.275996626921837285e-05
1.000000000000000000e+00 0.000000000000000000e+00
